1957 011011.30
1957 021013.18
1957 031015.93
1957 041013.13
1957 051011.02
1957 061014.08
1957 071016.02
1957 081014.73
1957 091015.75
1957 101010.93
1957 111007.43
1957 121009.53
1958 011012.68
1958 021014.30
1958 031013.53
1958 041014.73
1958 051010.68
1958 061013.13
1958 071013.75
1958 081015.47
1958 091017.33
1958 101015.20
1958 111013.80
1958 121012.77
1959 011015.33
1959 021013.72
1959 031015.77
1959 041015.67
1959 051013.63
1959 061013.58
1959 071015.52
1959 081014.30
1959 091018.15
1959 101015.03
1959 111015.03
1959 121012.50
1960 011012.07
1960 021014.55
1960 031016.72
1960 041014.73
1960 051013.28
1960 061013.48
1960 071014.68
1960 081015.42
1960 091015.47
1960 101013.92
1960 111013.80
1960 121013.65
1961 011013.70
1961 021012.78
1961 031015.22
1961 041016.37
1961 051015.20
1961 061013.28
1961 071016.22
1961 081017.03
1961 091014.87
1961 101015.60
1961 111015.05
1961 121015.05
1962 011014.95
1962 021012.98
1962 031014.32
1962 041016.30
1962 051013.23
1962 061010.67
1962 071014.37
1962 081013.82
1962 091014.18
1962 101013.58
1962 111011.23
1962 121013.85
1963 011014.75
1963 021015.52
1963 031016.97
1963 041016.73
1963 051012.22
1963 061015.53
1963 071014.77
1963 081011.87
1963 091013.10
1963 101017.48
1963 111013.03
1963 121012.25
1964 011009.85
1964 021014.93
1964 031014.00
1964 041015.10
1964 051015.20
1964 061012.12
1964 071008.83
1964 081012.20
1964 091015.62
1964 101013.92
1964 111010.37
1964 121009.78
1965 011013.73
1965 021010.88
1965 031013.28
1965 041015.67
1965 051011.65
1965 061015.77
1965 071015.05
1965 081016.72
1965 091014.73
1965 101016.97
1965 111013.50
1965 121011.32
1966 011012.57
1966 021013.88
1966 031014.37
1966 041014.60
1966 051011.75
1966 061014.35
1966 071013.60
1966 081018.25
1966 091015.78
1966 101014.98
1966 111011.72
1966 121011.85
1967 011009.92
1967 021013.25
1967 031017.70
1967 041016.23
1967 051014.00
1967 061017.47
1967 071016.95
1967 081016.72
1967 091016.20
1967 101015.48
1967 111011.38
1967 121011.30
1968 011012.82
1968 021014.65
1968 031017.20
1968 041012.25
1968 051011.20
1968 061013.47
1968 071015.70
1968 081015.47
1968 091012.75
1968 101011.78
1968 111009.88
1968 121011.83
1969 011009.22
1969 021013.33
1969 031015.62
1969 041014.08
1969 051016.62
1969 061014.98
1969 071016.40
1969 081017.62
1969 091014.80
1969 101015.92
1969 111015.55
1969 121011.27
1970 011013.53
1970 021016.38
1970 031013.43
1970 041013.78
1970 051013.87
1970 061015.25
1970 071011.88
1970 081016.58
1970 091013.82
1970 101013.22
1970 111014.40
1970 121012.57
1971 011014.17
1971 021016.45
1971 031017.35
1971 041014.83
1971 051012.58
1971 061014.05
1971 071016.53
1971 081014.52
1971 091012.20
1971 101012.30
1971 111012.78
1971 121010.48
1972 011011.42
1972 021015.80
1972 031015.75
1972 041012.87
1972 051014.43
1972 061015.63
1972 071013.03
1972 081015.15
1972 091013.52
1972 101012.95
1972 111014.28
1972 121009.53
1973 011013.17
1973 021017.08
1973 031016.47
1973 041015.12
1973 051012.05
1973 061014.23
1973 071019.02
1973 081016.42
1973 091011.88
1973 101013.95
1973 111012.48
1973 121015.23
1974 011014.82
1974 021016.22
1974 031018.70
1974 041017.07
1974 051015.58
1974 061014.85
1974 071012.60
1974 081012.53
1974 091015.18
1974 101013.42
1974 111012.47
1974 121009.40
1975 011011.53
1975 021014.60
1975 031015.08
1975 041015.32
1975 051010.67
1975 061014.08
1975 071012.70
1975 081014.30
1975 091016.78
1975 101014.90
1975 111012.80
1975 121013.63
1976 011012.55
1976 021016.97
1976 031016.52
1976 041016.65
1976 051015.12
1976 061013.82
1976 071014.27
1976 081014.78
1976 091016.87
1976 101015.90
1976 111011.72
1976 121006.28
1977 011009.42
1977 021015.35
1977 031014.92
1977 041014.20
1977 051013.42
1977 061011.75
1977 071013.08
1977 081015.03
1977 091016.17
1977 101013.62
1977 111012.33
1977 121010.38
1978 011013.35
1978 021014.67
1978 031016.13
1978 041016.82
1978 051013.65
1978 061014.37
1978 071012.83
1978 081016.70
1978 091016.30
1978 101015.33
1978 111012.72
1978 121012.05
1979 011013.52
1979 021014.00
1979 031017.15
1979 041013.93
1979 051015.68
1979 061015.47
1979 071016.70
1979 081016.68
1979 091013.57
1979 101014.78
1979 111012.53
1979 121009.92
1980 011013.10
1980 021015.07
1980 031013.40
1980 041015.10
1980 051013.07
1980 061016.30
1980 071012.95
1980 081014.08
1980 091010.30
1980 101015.18
1980 111011.57
1980 121012.52
1981 011014.53
1981 021016.60
1981 031015.38
1981 041013.15
1981 051016.12
1981 061014.25
1981 071012.65
1981 081013.83
1981 091011.48
1981 101012.85
1981 111015.80
1981 121014.85
1982 011012.02
1982 021015.72
1982 031019.13
1982 041017.40
1982 051011.42
1982 061016.57
1982 071015.42
1982 081016.17
1982 091015.82
1982 101013.25
1982 111011.77
1982 121010.18
1983 011010.12
1983 021018.17
1983 031015.42
1983 041014.72
1983 051013.88
1983 061014.43
1983 071016.50
1983 081015.02
1983 091011.98
1983 101015.80
1983 111017.17
1983 121013.75
1984 011010.82
1984 021013.18
1984 031015.23
1984 041015.10
1984 051014.40
1984 061015.25
1984 071014.17
1984 081012.98
1984 091013.17
1984 101015.18
1984 111013.97
1984 121008.83
1985 011011.03
1985 021014.55
1985 031016.05
1985 041017.45
1985 051015.85
1985 061011.93
1985 071015.35
1985 081016.12
1985 091014.90
1985 101015.33
1985 111014.40
1985 121014.90
1986 011013.18
1986 021012.37
1986 031016.25
1986 041013.67
1986 051012.10
1986 061012.15
1986 071012.85
1986 081017.15
1986 091016.37
1986 101012.83
1986 111013.00
1986 121013.33
1987 011010.40
1987 021012.48
1987 031013.77
1987 041015.62
1987 051013.28
1987 061013.58
1987 071015.18
1987 081015.75
1987 091013.17
1987 101014.52
1987 111013.85
1987 121012.43
1988 011013.70
1988 021014.27
1988 031013.90
1988 041018.55
1988 051012.53
1988 061012.28
1988 071013.88
1988 081012.85
1988 091011.03
1988 101011.20
1988 111015.23
1988 121015.00
1989 011013.72
1989 021015.17
1989 031016.03
1989 041017.05
1989 051016.83
1989 061015.68
1989 071014.22
1989 081014.72
1989 091014.80
1989 101013.72
1989 111014.58
1989 121013.10
1990 011013.15
1990 021016.78
1990 031017.27
1990 041013.95
1990 051011.32
1990 061014.03
1990 071012.53
1990 081014.45
1990 091016.82
1990 101015.32
1990 111013.38
1990 121011.18
1991 011012.43
1991 021014.42
1991 031016.05
1991 041013.35
1991 051014.88
1991 061015.25
1991 071013.27
1991 081012.95
1991 091010.83
1991 101014.82
1991 111012.60
1991 121012.20
1992 011012.98
1992 021015.23
1992 031015.28
1992 041016.53
1992 051012.10
1992 061011.97
1992 071012.45
1992 081013.60
1992 091014.80
1992 101016.18
1992 111014.30
1992 121012.97
1993 011011.22
1993 021015.18
1993 031015.90
1993 041017.82
1993 051015.55
1993 061012.73
1993 071017.23
1993 081016.27
1993 091015.20
1993 101014.73
1993 111014.18
1993 121013.48
1994 011012.38
1994 021017.30
1994 031016.90
1994 041015.17
1994 051012.45
1994 061013.58
1994 071014.53
1994 081016.37
1994 091012.20
1994 101014.10
1994 111011.87
1994 121014.27
1995 011016.27
1995 021015.73
1995 031014.60
1995 041016.22
1995 051017.20
1995 061013.38
1995 071009.92
1995 081015.25
1995 091017.07
1995 101014.62
1995 111013.83
1995 121014.38
1996 011014.50
1996 021014.75
1996 031016.52
1996 041015.27
1996 051016.10
1996 061011.47
1996 071015.42
1996 081011.52
1996 091011.23
1996 101016.82
1996 111011.02
1996 121012.60
1997 011016.47
1997 021016.10
1997 031015.77
1997 041015.53
1997 051015.57
1997 061015.77
1997 071016.15
1997 081015.15
1997 091016.70
1997 101012.88
1997 111011.68
1997 121011.73
1998 011015.30
1998 021014.85
1998 031014.82
1998 041016.32
1998 051014.98
1998 061014.00
1998 071016.75
1998 081017.83
1998 091016.13
1998 101014.03
1998 111015.58
1998 121014.78
1999 011015.63
1999 021016.07
1999 031015.25
1999 041016.93
1999 051016.48
1999 061013.38
1999 071015.22
1999 081016.62
1999 091016.17
1999 101016.32
1999 111014.88
1999 121015.27
2000 011014.50
2000 021017.45
2000 031017.95
2000 041017.37
2000 051015.80
2000 061013.08
2000 071016.45
2000 081013.87
2000 091011.02
2000 101015.13
2000 111013.25
2000 121009.60
2001 011014.23
2001 021013.73
2001 031015.22
2001 041018.67
2001 051011.75
2001 061012.92
2001 071015.77
2001 081013.58
2001 091016.22
2001 101015.52
2001 111015.73
2001 121012.33
2002 011014.82
2002 021015.60
2002 031012.62
2002 041017.08
2002 051012.32
2002 061013.08
2002 071014.00
2002 081016.37
2002 091011.63
2002 101010.70
2002 111013.68
2002 121012.78
2003 011013.47
2003 021015.55
2003 031017.07
2003 041017.82
2003 051015.80
2003 061012.63
2003 071015.68
2003 081015.82
2003 091012.08
2003 101015.63
2003 111012.77
2003 121013.10
2004 011014.77
2004 021012.72
2004 031014.85
2004 041016.47
2004 051013.83
2004 061013.50
2004 071017.12
2004 081014.23
2004 091015.62
2004 101014.33
2004 111012.17
2004 121010.87
2005 011014.23
2005 021014.97
2005 031015.93
2005 041018.60
2005 051013.05
2005 061014.72
2005 071013.60
2005 081014.92
2005 091015.27
2005 101014.55
2005 111014.65
2005 121009.57
2006 011013.18
2006 021013.38
2006 031017.10
2006 041014.88
2006 051015.23
2006 061015.50
2006 071015.53
2006 081014.33
2006 091015.05
2006 101015.95
2006 111012.60
2006 121013.73
2007 011012.97
2007 021017.38
2007 031016.08
2007 041015.97
2007 051012.97
2007 061014.35
2007 071013.28
2007 081014.77
2007 091013.12
2007 101013.98
2007 111014.10
2007 121015.72
2008 011014.88
2008 021014.78
2008 031017.15
2008 041014.97
2008 051013.30
2008 061016.70
2008 071014.87
2008 081015.37
2008 091014.88
2008 101015.67
2008 111013.80
2008 121011.97
2009 011013.57
2009 021015.85
2009 031016.10
2009 041015.83
2009 051014.23
2009 061015.07
2009 071014.87
2009 081013.08
2009 091014.80
2009 101016.10
2009 111012.85
2009 121013.65
2010 011013.35
2010 021014.70
2010 031016.03
2010 041015.22
2010 051015.80
2020 061015.10
2010 071017.93
2010 081015.18
2010 091013.70
2010 101018.18
2010 111017.35
2010 121013.50
2011 011014.85
2011 021015.85
2011 031015.82
2011 041018.25
2011 051014.83
2011 061015.30
2011 071014.20
2011 081016.05
2011 091012.78
2011 101015.40
2011 111013.37
2011 121016.60
2012 011012.67
2012 021013.20
2012 031016.42
2012 041018.50
2012 051014.30
2012 061015.33
2012 071018.55
2012 081016.07
2012 091014.27
2012 101015.10
2012 111013.77
2012 121011.08
2013 011012.93
2013 021016.67
2013 031017.28
2013 041014.50
2013 051014.62
2013 061014.97
2013 071016.30
2013 081012.60
2013 091012.22
2013 101013.52
2013 111014.98
2013 121013.17
2014 011012.78
2014 021014.87
2014 031017.38
2014 041017.38
2014 051012.02
2014 061013.20
2014 071014.62
2014 081018.03
2014 091014.13
2014 101015.57
2014 111014.10
2014 121014.88
2015 011013.77
2015 02-999.90
2015 03-999.90
2015 04-999.90
2015 05-999.90
2015 06-999.90
2015 07-999.90
2015 08-999.90
2015 09-999.90
2015 10-999.90
2015 11-999.90
2015 12-999.90
